Alfven radius = 0.932625035277 AU 
Outflow speed at Alfven point = 1191.33308133 km/s 
Slow point radius = 0.008016209989824205 AU 
Outflow speed at slow point = 165.95161126155605 km/s 
Fast point radius = 4.296207849449601 AU 
Outflow speed at fast point = 1615.6367184703852 km/s 
R (cm)    density (g/cm^3)    Vr (cm/s)    Vphi (cm/s)     Br (G)     Bphi (G) 
10044838484.0193    1.209059745996175e-09    0.41129949584387465    134098.5932986918    1198.5284886121324    -1.3490845095818975 
11734196440.557901    3.8256794733928487e-11    9.525254004198453    156651.50995644968    878.2690296445552    -1.1548582439270003 
13707673480.72948    1.9901584283373627e-12    134.17657539618074    182997.23486294204    643.5862774743009    -0.9885944575174115 
16013053233.439867    1.5845299071764423e-13    1234.932214010799    213772.04469191923    471.61323304416226    -0.8462674208698256 
18706155659.270355    1.8160923513662998e-14    7895.594538340356    249710.62733987684    345.5932007364009    -0.7244309840541568 
21852188614.356068    2.843292537387674e-15    36955.61458339349    291636.2234633521    253.24705081811467    -0.620135132329302 
25527326722.567265    5.813568907283056e-16    132445.8506070597    340410.94166978024    185.57676658977465    -0.53085456004004 
29820555785.089226    1.4936120329403944e-16    377765.75376808265    396842.0563020487    135.98869636057503    -0.45442752635999806 
34835827385.930916    4.662274233334956e-17    886832.8672688724    461596.4054204186    99.65108174736238    -0.3890035137796411 
40694575862.639084    1.715428092883793e-17    1766226.0432690135    535218.298281772    73.02326119142386    -0.33299842167793514 
47538658585.41141    7.232670083210292e-18    3069724.1719409963    618288.3936397502    53.51067526341234    -0.2850562098708892 
55533790737.3327    3.4035784866784815e-18    4780149.135736078    711629.3082689424    39.212058191159755    -0.24401606392901073 
64873557761.77204    1.7461656896896395e-18    6827645.638622702    816428.1532707149    28.734182478878704    -0.20888428794280225 
75784102629.98215    9.576973861677876e-19    9122362.544606946    934249.889902892    21.056105718919927    -0.17881024432988923 
88529601421.30505    5.52889559341489e-19    11579143.825495776    1067002.661578776    15.429692087889538    -0.1530657577991723 
103418659795.73433    3.320445022203945e-19    14128555.123487748    1216910.8328694876    11.30671554869516    -0.13102748448700174 
120811785236.07236    2.0562757304746687e-19    16718291.816087533    1386518.1987317095    8.285441846208093    -0.11216181925022413 
141130115984.43558    1.3044149645898882e-19    19312419.465979304    1578688.3283681993    6.0714843573488935    -0.09601197585038886 
164865618026.08997    8.434962151795274e-20    21885099.57809333    1796680.7260218745    4.4491196710773675    -0.08218692679246849 
192592997019.3052    5.539316195337574e-20    24420509.236585416    2044156.724954925    3.2602679480855823    -0.07035193579075363 
224983613593.75815    3.683754725879512e-20    26909112.428530693    2325248.308550673    2.389089950178915    -0.06022045293152257 
262821738947.40134    2.4752376858225553e-20    29346234.097299006    2644606.9278598255    1.750699905937934    -0.051547176731905814 
307023544337.1537    1.6775138387118562e-20    31730899.3594907    3007455.1873227023    1.282894417776751    -0.044122114994072974 
358659284254.3104    1.1450337178848363e-20    34065080.89815234    3419633.75103526    0.9400914923114735    -0.037765500697121604 
418979210403.98553    7.862551608434716e-21    36353262.97578091    3887637.1442819675    0.6888891257692061    -0.03232343986450522 
489443843941.529    5.425920477711261e-21    38602256.28570101    4418628.796330957    0.5048106822413684    -0.02766418608405317 
571759338944.9521    3.759926382961707e-21    40821219.93591746    5020420.787771911    0.3699199412103493    -0.02367495155356205 
667918793376.0641    2.6142994040809172e-21    43021862.14017703    5701396.909649485    0.27107342954291874    -0.020259177547078084 
780250507789.0588    1.822656011992904e-21    45218798.93088375    6470348.399369474    0.1986397488162894    -0.01733419836194244 
911474360270.4879    1.2733546142214696e-21    47430049.269892536    7336179.932457394    0.1455611118962556    -0.014829242384421192 
1064767662612.149    8.908841945972232e-22    49677633.03983734    8307429.690994402    0.10666564684427625    -0.012683722129726804 
1243842092286.7156    6.238159491706703e-22    51988212.08271029    9391533.743326327    0.07816346047711481    -0.010845772156521992 
1453033562973.3982    4.369102190536666e-22    54393669.79123362    10593756.593207542    0.057277359060850984    -0.009270999769156315 
1697407209660.899    3.058915306025804e-22    56931459.50010448    11915716.204747383    0.04197224433207114    -0.007921418497323007 
1982880030322.8499    2.139581305121192e-22    59644469.83703861    13353468.60551514    0.030756817757597407    -0.006764538525317037 
2316364153678.0254    1.49431487069356e-22    62580073.0525668    14895204.823662875    0.022538271508422306    -0.005772591530593237 
2705934201965.25    1.0416236994876616e-22    65787978.00308599    16518770.284734912    0.016515807538700515    -0.0049218697761911475 
3161022801073.395    7.24435233255954e-23    69316565.136268    18189444.750862863    0.012102609490415661    -0.004192160856883711 
3692648971896.2695    5.0264292635972666e-23    73207610.21025205    19858676.215100147    0.008868664528469234    -0.003566260516406089 
4313684932932.558    3.479771694651127e-23    77489750.21991691    21464633.986666378    0.006498863784774328    -0.0030295470679028223 
5039167774199.147    2.4046517276037446e-23    82171654.97051619    22935365.56521023    0.004762298805809222    -0.002569603091514516 
5886663548991.327    1.659799090185063e-23    87236433.89622915    24194860.21172012    0.0034897623133671343    -0.0021758740683399617 
6876692599212.085    1.1453514290077559e-23    92639002.71196277    25171452.83535206    0.002557260999444582    -0.0018393594043703352 
8033226412635.924    7.909051123885994e-24    98307682.2949679    25807029.681779254    0.001873933876307615    -0.0015523374470595983 
9384268042469.309    5.4705484189367906e-24    104150217.40484275    26064906.539939366    0.0013731989709052034    -0.0013081301021347926 
10962530142856.307    3.793399193168211e-24    110063091.3220175    25934433.34575502    0.001006265715955053    -0.00110091249435637 
12806227037544.324    2.6388116662462006e-24    115942074.20713197    25431327.51486125    0.0007373808985882411    -0.0009255688474173074 
14960000000000.023    1.8423298889025336e-24    121691787.43894872    24594008.202299595    0.0005403449416804868    -0.0007775897160880485 
